3.857000000000000028e+01
1.040000000000000036e+00
3.167999999999999972e+01
3.743999999999999773e+01
2.492999999999999972e+01
1.124000000000000021e+01
9.900000000000000355e+00
3.803000000000000114e+01
8.460000000000000853e+00
4.419999999999999929e+00
3.427000000000000313e+01
4.767000000000000171e+01
2.000000000000000111e-01
2.560999999999999943e+01
4.063000000000000256e+01
3.062999999999999901e+01
3.609000000000000341e+01
1.458999999999999986e+01
4.589000000000000057e+01
3.572999999999999687e+01
2.712999999999999901e+01
7.110000000000000320e+00
1.867000000000000171e+01
3.371000000000000085e+01
2.208999999999999986e+01
2.169999999999999929e+01
3.089000000000000057e+01
2.566000000000000014e+01
3.252000000000000313e+01
3.005000000000000071e+01
4.025999999999999801e+01
2.607999999999999829e+01
4.542999999999999972e+01
1.596000000000000085e+01
4.519999999999999574e+00
1.503999999999999915e+01
5.700000000000000178e+00
4.142999999999999972e+01
2.339999999999999858e+00
3.130999999999999872e+01
2.737999999999999901e+01
4.096000000000000085e+01
9.949999999999999289e+00
4.284000000000000341e+01
1.757999999999999829e+01
3.772999999999999687e+01
1.480000000000000071e+01
4.420000000000000284e+01
1.628000000000000114e+01
8.250000000000000000e+00
1.962999999999999901e+01
4.669999999999999929e+00
4.106000000000000227e+01
7.559999999999999609e+00
1.921000000000000085e+01
4.721000000000000085e+01
4.938000000000000256e+01
2.282000000000000028e+01
4.131000000000000227e+01
1.257000000000000028e+01
2.987000000000000099e+01
4.514000000000000057e+01
2.673000000000000043e+01
2.951000000000000156e+01
1.959999999999999964e+00
1.785999999999999943e+01
3.979999999999999982e+00
1.526999999999999957e+01
1.653999999999999915e+01
3.868999999999999773e+01
2.000000000000000000e+00
2.146999999999999886e+01
1.575000000000000000e+01
3.182000000000000028e+01
1.732000000000000028e+01
2.149999999999999911e+00
4.400000000000000000e+01
3.815999999999999659e+01
4.389999999999999858e+01
2.087999999999999901e+01
3.028000000000000114e+01
2.567000000000000171e+01
2.989000000000000057e+01
1.310999999999999943e+01
1.503999999999999915e+01
1.270000000000000018e+00
1.515000000000000036e+01
1.209999999999999964e+01
2.787999999999999901e+01
2.828000000000000114e+01
2.376000000000000156e+01
1.464000000000000057e+01
3.209999999999999964e+00
4.893999999999999773e+01
1.698999999999999844e+01
2.475000000000000000e+01
4.885000000000000142e+01
2.203999999999999915e+01
1.591000000000000014e+01
2.598999999999999844e+01
2.891000000000000014e+01
4.270000000000000284e+01
3.399999999999999911e+00
2.323000000000000043e+01
3.910000000000000142e+01
3.592999999999999972e+01
2.930000000000000071e+01
1.850000000000000089e+00
1.753000000000000114e+01
2.816000000000000014e+01
1.499000000000000021e+01
2.562000000000000099e+01
3.367000000000000171e+01
7.959999999999999964e+00
2.520000000000000018e+00
1.689000000000000057e+01
5.400000000000000355e+00
8.949999999999999289e+00
4.428999999999999915e+01
1.826999999999999957e+01
1.093999999999999950e+01
3.761999999999999744e+01
5.339999999999999858e+00
3.722999999999999687e+01
2.348999999999999844e+01
2.991000000000000014e+01
7.379999999999999893e+00
9.199999999999999289e+00
3.225000000000000000e+01
2.430000000000000160e+00
1.242999999999999972e+01
2.712000000000000099e+01
1.133999999999999986e+01
1.907000000000000028e+01
4.610999999999999943e+01
4.627000000000000313e+01
2.833999999999999986e+01
2.667000000000000171e+01
7.399999999999999911e-01
4.889000000000000057e+01
2.864999999999999858e+01
3.959000000000000341e+01
2.807999999999999829e+01
4.386999999999999744e+01
2.921000000000000085e+01
3.543999999999999773e+01
7.429999999999999716e+00
2.142000000000000171e+01
3.468999999999999773e+01
5.230000000000000426e+00
2.198000000000000043e+01
8.310000000000000497e+00
2.535000000000000142e+01
4.095000000000000284e+01
4.509999999999999787e+00
4.000000000000000000e+01
2.826000000000000156e+01
2.946999999999999886e+01
9.910000000000000142e+00
2.180999999999999872e+01
1.480000000000000071e+01
1.879999999999999893e+00
1.530000000000000027e+00
2.266000000000000014e+01
3.724000000000000199e+01
2.785999999999999943e+01
1.926000000000000156e+01
8.400000000000000355e+00
4.190999999999999659e+01
2.994999999999999929e+01
3.914000000000000057e+01
4.242999999999999972e+01
3.016000000000000014e+01
3.904999999999999716e+01
3.078999999999999915e+01
1.060000000000000053e+00
3.752000000000000313e+01
8.800000000000000711e+00
2.292999999999999972e+01
2.566000000000000014e+01
2.419999999999999929e+01
4.221999999999999886e+01
8.740000000000000213e+00
7.299999999999999822e-01
4.243999999999999773e+01
3.713000000000000256e+01
2.282999999999999829e+01
2.083999999999999986e+01
5.839999999999999858e+00
1.692999999999999972e+01
4.730000000000000426e+00
3.578999999999999915e+01
3.850000000000000089e+00
1.030000000000000071e+01
2.869000000000000128e+01
1.468999999999999950e+01
3.278999999999999915e+01
4.017999999999999972e+01
1.755999999999999872e+01
4.669999999999999929e+00
